{
 "cells": [
  {
   "cell_type": "code",
   "execution_count": 1,
   "metadata": {},
   "outputs": [],
   "source": [
    "import numpy as np\n",
    "def generate_intr_matrix(n, a, b):\n",
    "    # Generate the upper triangle of the matrix with random numbers between min and max\n",
    "    upper_triangle = np.triu(np.random.uniform(a, b, (n, n)), 1)\n",
    "\n",
    "        # Create the symmetric matrix by adding the transpose of the upper triangle to itself and the diagonal as 1\n",
    "    matrix = upper_triangle + upper_triangle.T + np.eye(n)\n",
    "\n",
    "    # Convert numpy array to a list of lists\n",
    "    interdiction_probabilities = matrix.tolist()\n",
    "    return interdiction_probabilities"
   ]
  },
  {
   "cell_type": "code",
   "execution_count": 2,
   "metadata": {},
   "outputs": [
    {
     "name": "stdout",
     "output_type": "stream",
     "text": [
      "Mean of the upper triangular elements: 2.616114766449551\n"
     ]
    }
   ],
   "source": [
    "import numpy as np\n",
    "\n",
    "def mean_upper_triangular(matrix):\n",
    "    \"\"\"\n",
    "    Calculate the mean of the upper triangular elements of a matrix, excluding the diagonal elements.\n",
    "\n",
    "    Parameters:\n",
    "    matrix (list of list of floats): The input matrix.\n",
    "\n",
    "    Returns:\n",
    "    float: The mean of the upper triangular elements.\n",
    "    \"\"\"\n",
    "    # Extract the upper triangular elements excluding the diagonal\n",
    "    upper_elements = []\n",
    "\n",
    "    for i in range(len(matrix)):\n",
    "        for j in range(i+1, len(matrix)):\n",
    "            upper_elements.append(matrix[i][j])\n",
    "\n",
    "    # Calculate the mean of the upper triangular elements\n",
    "    mean_upper = (1-np.mean(upper_elements))*100\n",
    "\n",
    "    return mean_upper\n",
    "\n",
    "# Example usage\n",
    "matrix = [\n",
    "    [1.0, 0.9829478727129184, 0.9765886686496079, 0.9647775890628676],\n",
    "    [0.9829478727129184, 1.0, 0.9862434754855444, 0.9816171595012718],\n",
    "    [0.9765886686496079, 0.9862434754855444, 1.0, 0.9508583486008165],\n",
    "    [0.9647775890628676, 0.9816171595012718, 0.9508583486008165, 1.0]\n",
    "]\n",
    "\n",
    "mean_upper = mean_upper_triangular(matrix)\n",
    "print(f\"Mean of the upper triangular elements: {mean_upper}\")\n"
   ]
  },
  {
   "cell_type": "code",
   "execution_count": 3,
   "metadata": {},
   "outputs": [
    {
     "name": "stdout",
     "output_type": "stream",
     "text": [
      "Standard deviation of the upper triangular elements (minus 1): 1.2349915815185606\n"
     ]
    }
   ],
   "source": [
    "import numpy as np\n",
    "\n",
    "def std_upper_triangular_minus_one(matrix):\n",
    "    \"\"\"\n",
    "    Calculate the standard deviation of the upper triangular elements of a matrix,\n",
    "    excluding the diagonal elements, after subtracting 1 from each element.\n",
    "\n",
    "    Parameters:\n",
    "    matrix (list of list of floats): The input matrix.\n",
    "\n",
    "    Returns:\n",
    "    float: The standard deviation of the modified upper triangular elements.\n",
    "    \"\"\"\n",
    "    # Extract the upper triangular elements excluding the diagonal\n",
    "    upper_elements = []\n",
    "\n",
    "    for i in range(len(matrix)):\n",
    "        for j in range(i+1, len(matrix)):\n",
    "            upper_elements.append(1-matrix[i][j])  # Subtract 1 from each element\n",
    "\n",
    "    # Calculate the standard deviation of the modified upper triangular elements\n",
    "    std_upper = np.std(upper_elements)\n",
    "\n",
    "    return std_upper\n",
    "\n",
    "# Example usage\n",
    "matrix = [\n",
    "    [1.0, 0.9829478727129184, 0.9765886686496079, 0.9647775890628676],\n",
    "    [0.9829478727129184, 1.0, 0.9862434754855444, 0.9816171595012718],\n",
    "    [0.9765886686496079, 0.9862434754855444, 1.0, 0.9508583486008165],\n",
    "    [0.9647775890628676, 0.9816171595012718, 0.9508583486008165, 1.0]\n",
    "]\n",
    "\n",
    "std_upper = (std_upper_triangular_minus_one(matrix))*100\n",
    "print(f\"Standard deviation of the upper triangular elements (minus 1): {std_upper}\")"
   ]
  },
  {
   "cell_type": "markdown",
   "metadata": {},
   "source": [
    "#### 3 CUSTOMERS + DEPOT"
   ]
  },
  {
   "cell_type": "markdown",
   "metadata": {},
   "source": [
    "Non interdiction = 95%-99%"
   ]
  },
  {
   "cell_type": "code",
   "execution_count": 175,
   "metadata": {},
   "outputs": [
    {
     "name": "stdout",
     "output_type": "stream",
     "text": [
      "Mean of the upper triangular elements: 3.044110256639554\n",
      "Standard deviation of the upper triangular elements (minus 1): 1.1677238877774836\n"
     ]
    }
   ],
   "source": [
    "min = 0.95\n",
    "max = 0.99\n",
    "n = 4\n",
    "interdiction_probabilities = generate_intr_matrix(n, min, max)\n",
    "mean_upper = mean_upper_triangular(interdiction_probabilities)\n",
    "print(f\"Mean of the upper triangular elements: {mean_upper}\")\n",
    "std_upper = (std_upper_triangular_minus_one(interdiction_probabilities))*100\n",
    "print(f\"Standard deviation of the upper triangular elements (minus 1): {std_upper}\")"
   ]
  },
  {
   "cell_type": "code",
   "execution_count": 176,
   "metadata": {},
   "outputs": [
    {
     "data": {
      "text/plain": [
       "[[1.0, 0.9864433861722693, 0.9576340880774883, 0.9701600316268469],\n",
       " [0.9864433861722693, 1.0, 0.9520425237662853, 0.9730660509006062],\n",
       " [0.9576340880774883, 0.9520425237662853, 1.0, 0.9780073040581307],\n",
       " [0.9701600316268469, 0.9730660509006062, 0.9780073040581307, 1.0]]"
      ]
     },
     "execution_count": 176,
     "metadata": {},
     "output_type": "execute_result"
    }
   ],
   "source": [
    "interdiction_probabilities"
   ]
  },
  {
   "cell_type": "markdown",
   "metadata": {},
   "source": [
    "Non interdiction = 90%-99%"
   ]
  },
  {
   "cell_type": "code",
   "execution_count": 195,
   "metadata": {},
   "outputs": [
    {
     "name": "stdout",
     "output_type": "stream",
     "text": [
      "Mean of the upper triangular elements: 5.512177934291119\n",
      "Standard deviation of the upper triangular elements (minus 1): 2.3855106194056357\n"
     ]
    }
   ],
   "source": [
    "min = 0.90\n",
    "max = 0.99\n",
    "n = 4\n",
    "interdiction_probabilities = generate_intr_matrix(n, min, max)\n",
    "mean_upper = mean_upper_triangular(interdiction_probabilities)\n",
    "print(f\"Mean of the upper triangular elements: {mean_upper}\")\n",
    "std_upper = (std_upper_triangular_minus_one(interdiction_probabilities))*100\n",
    "print(f\"Standard deviation of the upper triangular elements (minus 1): {std_upper}\")"
   ]
  },
  {
   "cell_type": "code",
   "execution_count": 196,
   "metadata": {},
   "outputs": [
    {
     "data": {
      "text/plain": [
       "[[1.0, 0.9210172396425486, 0.9577938493340878, 0.982054453278989],\n",
       " [0.9210172396425486, 1.0, 0.9244757007377069, 0.9211924651035621],\n",
       " [0.9577938493340878, 0.9244757007377069, 1.0, 0.9627356158456384],\n",
       " [0.982054453278989, 0.9211924651035621, 0.9627356158456384, 1.0]]"
      ]
     },
     "execution_count": 196,
     "metadata": {},
     "output_type": "execute_result"
    }
   ],
   "source": [
    "interdiction_probabilities"
   ]
  },
  {
   "cell_type": "markdown",
   "metadata": {},
   "source": [
    "Non interdiction = 80%-99%"
   ]
  },
  {
   "cell_type": "code",
   "execution_count": 220,
   "metadata": {},
   "outputs": [
    {
     "name": "stdout",
     "output_type": "stream",
     "text": [
      "Mean of the upper triangular elements: 10.584439289972114\n",
      "Standard deviation of the upper triangular elements (minus 1): 5.913291313464973\n"
     ]
    }
   ],
   "source": [
    "min = 0.80\n",
    "max = 0.99\n",
    "n = 4\n",
    "interdiction_probabilities = generate_intr_matrix(n, min, max)\n",
    "mean_upper = mean_upper_triangular(interdiction_probabilities)\n",
    "print(f\"Mean of the upper triangular elements: {mean_upper}\")\n",
    "std_upper = (std_upper_triangular_minus_one(interdiction_probabilities))*100\n",
    "print(f\"Standard deviation of the upper triangular elements (minus 1): {std_upper}\")"
   ]
  },
  {
   "cell_type": "code",
   "execution_count": 221,
   "metadata": {},
   "outputs": [
    {
     "data": {
      "text/plain": [
       "[[1.0, 0.8089314856619857, 0.8672353388903817, 0.957000158121967],\n",
       " [0.8089314856619857, 1.0, 0.8554586317249727, 0.9810127567668832],\n",
       " [0.8672353388903817, 0.8554586317249727, 1.0, 0.8952952714354819],\n",
       " [0.957000158121967, 0.9810127567668832, 0.8952952714354819, 1.0]]"
      ]
     },
     "execution_count": 221,
     "metadata": {},
     "output_type": "execute_result"
    }
   ],
   "source": [
    "interdiction_probabilities"
   ]
  },
  {
   "cell_type": "markdown",
   "metadata": {},
   "source": [
    "Non interdiction = 70%-99%"
   ]
  },
  {
   "cell_type": "code",
   "execution_count": 396,
   "metadata": {},
   "outputs": [
    {
     "name": "stdout",
     "output_type": "stream",
     "text": [
      "Mean of the upper triangular elements: 15.498792531828675\n",
      "Standard deviation of the upper triangular elements (minus 1): 8.911222200998726\n"
     ]
    }
   ],
   "source": [
    "min = 0.70\n",
    "max = 0.99\n",
    "n = 4\n",
    "interdiction_probabilities = generate_intr_matrix(n, min, max)\n",
    "mean_upper = mean_upper_triangular(interdiction_probabilities)\n",
    "print(f\"Mean of the upper triangular elements: {mean_upper}\")\n",
    "std_upper = (std_upper_triangular_minus_one(interdiction_probabilities))*100\n",
    "print(f\"Standard deviation of the upper triangular elements (minus 1): {std_upper}\")"
   ]
  },
  {
   "cell_type": "code",
   "execution_count": 397,
   "metadata": {},
   "outputs": [
    {
     "data": {
      "text/plain": [
       "[[1.0, 0.8278934722733422, 0.7280930168455064, 0.7375748327660422],\n",
       " [0.8278934722733422, 1.0, 0.9675790812013633, 0.9093568391592399],\n",
       " [0.7280930168455064, 0.9675790812013633, 1.0, 0.8995752058447856],\n",
       " [0.7375748327660422, 0.9093568391592399, 0.8995752058447856, 1.0]]"
      ]
     },
     "execution_count": 397,
     "metadata": {},
     "output_type": "execute_result"
    }
   ],
   "source": [
    "interdiction_probabilities"
   ]
  },
  {
   "cell_type": "markdown",
   "metadata": {},
   "source": [
    "Non interdiction = 60%-99%"
   ]
  },
  {
   "cell_type": "code",
   "execution_count": 524,
   "metadata": {},
   "outputs": [
    {
     "name": "stdout",
     "output_type": "stream",
     "text": [
      "Mean of the upper triangular elements: 20.63957086060003\n",
      "Standard deviation of the upper triangular elements (minus 1): 10.82088455715458\n"
     ]
    }
   ],
   "source": [
    "min = 0.60\n",
    "max = 0.99\n",
    "n = 4\n",
    "interdiction_probabilities = generate_intr_matrix(n, min, max)\n",
    "mean_upper = mean_upper_triangular(interdiction_probabilities)\n",
    "print(f\"Mean of the upper triangular elements: {mean_upper}\")\n",
    "std_upper = (std_upper_triangular_minus_one(interdiction_probabilities))*100\n",
    "print(f\"Standard deviation of the upper triangular elements (minus 1): {std_upper}\")"
   ]
  },
  {
   "cell_type": "code",
   "execution_count": 525,
   "metadata": {},
   "outputs": [
    {
     "data": {
      "text/plain": [
       "[[1.0, 0.8036368065100765, 0.6029257075713784, 0.8728100015714099],\n",
       " [0.8036368065100765, 1.0, 0.9252241678184876, 0.708717634855879],\n",
       " [0.6029257075713784, 0.9252241678184876, 1.0, 0.8483114300367668],\n",
       " [0.8728100015714099, 0.708717634855879, 0.8483114300367668, 1.0]]"
      ]
     },
     "execution_count": 525,
     "metadata": {},
     "output_type": "execute_result"
    }
   ],
   "source": [
    "interdiction_probabilities"
   ]
  },
  {
   "cell_type": "markdown",
   "metadata": {},
   "source": [
    "#### 4 CUSTOMERS + DEPOT"
   ]
  },
  {
   "cell_type": "markdown",
   "metadata": {},
   "source": [
    "Non interdiction = 95%-99%"
   ]
  },
  {
   "cell_type": "code",
   "execution_count": 534,
   "metadata": {},
   "outputs": [
    {
     "name": "stdout",
     "output_type": "stream",
     "text": [
      "Mean of the upper triangular elements: 3.002041812645595\n",
      "Standard deviation of the upper triangular elements (minus 1): 1.1911115089392974\n"
     ]
    }
   ],
   "source": [
    "min = 0.95\n",
    "max = 0.99\n",
    "n = 5\n",
    "interdiction_probabilities = generate_intr_matrix(n, min, max)\n",
    "mean_upper = mean_upper_triangular(interdiction_probabilities)\n",
    "print(f\"Mean of the upper triangular elements: {mean_upper}\")\n",
    "std_upper = (std_upper_triangular_minus_one(interdiction_probabilities))*100\n",
    "print(f\"Standard deviation of the upper triangular elements (minus 1): {std_upper}\")"
   ]
  },
  {
   "cell_type": "code",
   "execution_count": 535,
   "metadata": {},
   "outputs": [
    {
     "data": {
      "text/plain": [
       "[[1.0,\n",
       "  0.9796751503400143,\n",
       "  0.9809459627831729,\n",
       "  0.979516774529543,\n",
       "  0.9521007771056408],\n",
       " [0.9796751503400143,\n",
       "  1.0,\n",
       "  0.977460415493725,\n",
       "  0.9533168365164418,\n",
       "  0.9812301763439187],\n",
       " [0.9809459627831729,\n",
       "  0.977460415493725,\n",
       "  1.0,\n",
       "  0.9717147237564538,\n",
       "  0.9719344994593649],\n",
       " [0.979516774529543,\n",
       "  0.9533168365164418,\n",
       "  0.9717147237564538,\n",
       "  1.0,\n",
       "  0.9519005024071647],\n",
       " [0.9521007771056408,\n",
       "  0.9812301763439187,\n",
       "  0.9719344994593649,\n",
       "  0.9519005024071647,\n",
       "  1.0]]"
      ]
     },
     "execution_count": 535,
     "metadata": {},
     "output_type": "execute_result"
    }
   ],
   "source": [
    "interdiction_probabilities"
   ]
  },
  {
   "cell_type": "markdown",
   "metadata": {},
   "source": [
    "Non interdiction = 90%-99%"
   ]
  },
  {
   "cell_type": "code",
   "execution_count": 589,
   "metadata": {},
   "outputs": [
    {
     "name": "stdout",
     "output_type": "stream",
     "text": [
      "Mean of the upper triangular elements: 5.481300093710184\n",
      "Standard deviation of the upper triangular elements (minus 1): 2.5317866383418717\n"
     ]
    }
   ],
   "source": [
    "min = 0.9\n",
    "max = 0.99\n",
    "n = 5\n",
    "interdiction_probabilities = generate_intr_matrix(n, min, max)\n",
    "mean_upper = mean_upper_triangular(interdiction_probabilities)\n",
    "print(f\"Mean of the upper triangular elements: {mean_upper}\")\n",
    "std_upper = (std_upper_triangular_minus_one(interdiction_probabilities))*100\n",
    "print(f\"Standard deviation of the upper triangular elements (minus 1): {std_upper}\")"
   ]
  },
  {
   "cell_type": "code",
   "execution_count": 590,
   "metadata": {},
   "outputs": [
    {
     "data": {
      "text/plain": [
       "[[1.0,\n",
       "  0.9198408336962429,\n",
       "  0.9497617606966361,\n",
       "  0.9097741000987839,\n",
       "  0.9876215902187159],\n",
       " [0.9198408336962429,\n",
       "  1.0,\n",
       "  0.9069070916618451,\n",
       "  0.9482685198564048,\n",
       "  0.9609610811216993],\n",
       " [0.9497617606966361,\n",
       "  0.9069070916618451,\n",
       "  1.0,\n",
       "  0.936801082823776,\n",
       "  0.9618309783389946],\n",
       " [0.9097741000987839,\n",
       "  0.9482685198564048,\n",
       "  0.936801082823776,\n",
       "  1.0,\n",
       "  0.9701029521158844],\n",
       " [0.9876215902187159,\n",
       "  0.9609610811216993,\n",
       "  0.9618309783389946,\n",
       "  0.9701029521158844,\n",
       "  1.0]]"
      ]
     },
     "execution_count": 590,
     "metadata": {},
     "output_type": "execute_result"
    }
   ],
   "source": [
    "interdiction_probabilities"
   ]
  },
  {
   "cell_type": "markdown",
   "metadata": {},
   "source": [
    "Non interdiction = 80%-99%"
   ]
  },
  {
   "cell_type": "code",
   "execution_count": 615,
   "metadata": {},
   "outputs": [
    {
     "name": "stdout",
     "output_type": "stream",
     "text": [
      "Mean of the upper triangular elements: 10.538815137702572\n",
      "Standard deviation of the upper triangular elements (minus 1): 5.876399974864787\n"
     ]
    }
   ],
   "source": [
    "min = 0.8\n",
    "max = 0.99\n",
    "n = 5\n",
    "interdiction_probabilities = generate_intr_matrix(n, min, max)\n",
    "mean_upper = mean_upper_triangular(interdiction_probabilities)\n",
    "print(f\"Mean of the upper triangular elements: {mean_upper}\")\n",
    "std_upper = (std_upper_triangular_minus_one(interdiction_probabilities))*100\n",
    "print(f\"Standard deviation of the upper triangular elements (minus 1): {std_upper}\")"
   ]
  },
  {
   "cell_type": "code",
   "execution_count": 616,
   "metadata": {},
   "outputs": [
    {
     "data": {
      "text/plain": [
       "[[1.0,\n",
       "  0.9583574562522386,\n",
       "  0.9570898423862343,\n",
       "  0.8170785102574544,\n",
       "  0.8469484165670025],\n",
       " [0.9583574562522386,\n",
       "  1.0,\n",
       "  0.8265761713569095,\n",
       "  0.8983386242362505,\n",
       "  0.8150713438680292],\n",
       " [0.9570898423862343,\n",
       "  0.8265761713569095,\n",
       "  1.0,\n",
       "  0.95876417420577,\n",
       "  0.9411021827192705],\n",
       " [0.8170785102574544,\n",
       "  0.8983386242362505,\n",
       "  0.95876417420577,\n",
       "  1.0,\n",
       "  0.9267917643805834],\n",
       " [0.8469484165670025,\n",
       "  0.8150713438680292,\n",
       "  0.9411021827192705,\n",
       "  0.9267917643805834,\n",
       "  1.0]]"
      ]
     },
     "execution_count": 616,
     "metadata": {},
     "output_type": "execute_result"
    }
   ],
   "source": [
    "interdiction_probabilities"
   ]
  },
  {
   "cell_type": "markdown",
   "metadata": {},
   "source": [
    "Non interdiction = 70%-99%"
   ]
  },
  {
   "cell_type": "code",
   "execution_count": 804,
   "metadata": {},
   "outputs": [
    {
     "name": "stdout",
     "output_type": "stream",
     "text": [
      "Mean of the upper triangular elements: 15.514273495434704\n",
      "Standard deviation of the upper triangular elements (minus 1): 9.257601612014241\n"
     ]
    }
   ],
   "source": [
    "min = 0.7\n",
    "max = 0.99\n",
    "n = 5\n",
    "interdiction_probabilities = generate_intr_matrix(n, min, max)\n",
    "mean_upper = mean_upper_triangular(interdiction_probabilities)\n",
    "print(f\"Mean of the upper triangular elements: {mean_upper}\")\n",
    "std_upper = (std_upper_triangular_minus_one(interdiction_probabilities))*100\n",
    "print(f\"Standard deviation of the upper triangular elements (minus 1): {std_upper}\")"
   ]
  },
  {
   "cell_type": "code",
   "execution_count": 805,
   "metadata": {},
   "outputs": [
    {
     "data": {
      "text/plain": [
       "[[1.0,\n",
       "  0.8926137694286245,\n",
       "  0.8461940492418919,\n",
       "  0.9463510245817849,\n",
       "  0.9237541278881672],\n",
       " [0.8926137694286245,\n",
       "  1.0,\n",
       "  0.7097221295947408,\n",
       "  0.7685869473593621,\n",
       "  0.9838167538024771],\n",
       " [0.8461940492418919,\n",
       "  0.7097221295947408,\n",
       "  1.0,\n",
       "  0.7484873437507221,\n",
       "  0.7358494110476844],\n",
       " [0.9463510245817849,\n",
       "  0.7685869473593621,\n",
       "  0.7484873437507221,\n",
       "  1.0,\n",
       "  0.893197093761074],\n",
       " [0.9237541278881672,\n",
       "  0.9838167538024771,\n",
       "  0.7358494110476844,\n",
       "  0.893197093761074,\n",
       "  1.0]]"
      ]
     },
     "execution_count": 805,
     "metadata": {},
     "output_type": "execute_result"
    }
   ],
   "source": [
    "interdiction_probabilities"
   ]
  },
  {
   "cell_type": "markdown",
   "metadata": {},
   "source": [
    "Non interdiction = 60%-99%"
   ]
  },
  {
   "cell_type": "code",
   "execution_count": 847,
   "metadata": {},
   "outputs": [
    {
     "name": "stdout",
     "output_type": "stream",
     "text": [
      "Mean of the upper triangular elements: 20.731025265894832\n",
      "Standard deviation of the upper triangular elements (minus 1): 11.171540114602099\n"
     ]
    }
   ],
   "source": [
    "min = 0.6\n",
    "max = 0.99\n",
    "n = 5\n",
    "interdiction_probabilities = generate_intr_matrix(n, min, max)\n",
    "mean_upper = mean_upper_triangular(interdiction_probabilities)\n",
    "print(f\"Mean of the upper triangular elements: {mean_upper}\")\n",
    "std_upper = (std_upper_triangular_minus_one(interdiction_probabilities))*100\n",
    "print(f\"Standard deviation of the upper triangular elements (minus 1): {std_upper}\")"
   ]
  },
  {
   "cell_type": "code",
   "execution_count": 848,
   "metadata": {},
   "outputs": [
    {
     "data": {
      "text/plain": [
       "[[1.0,\n",
       "  0.7873622395239745,\n",
       "  0.8208043885616165,\n",
       "  0.9526301808591771,\n",
       "  0.8827186361499515],\n",
       " [0.7873622395239745,\n",
       "  1.0,\n",
       "  0.7181905674018559,\n",
       "  0.604975660651706,\n",
       "  0.6175487561716332],\n",
       " [0.8208043885616165,\n",
       "  0.7181905674018559,\n",
       "  1.0,\n",
       "  0.841335770983069,\n",
       "  0.780850043631029],\n",
       " [0.9526301808591771,\n",
       "  0.604975660651706,\n",
       "  0.841335770983069,\n",
       "  1.0,\n",
       "  0.9204812294765041],\n",
       " [0.8827186361499515,\n",
       "  0.6175487561716332,\n",
       "  0.780850043631029,\n",
       "  0.9204812294765041,\n",
       "  1.0]]"
      ]
     },
     "execution_count": 848,
     "metadata": {},
     "output_type": "execute_result"
    }
   ],
   "source": [
    "interdiction_probabilities"
   ]
  },
  {
   "cell_type": "markdown",
   "metadata": {},
   "source": [
    "#### 5 CUSTOMERS + DEPOT"
   ]
  },
  {
   "cell_type": "markdown",
   "metadata": {},
   "source": [
    "Non interdiction = 95%-99%"
   ]
  },
  {
   "cell_type": "code",
   "execution_count": 860,
   "metadata": {},
   "outputs": [
    {
     "name": "stdout",
     "output_type": "stream",
     "text": [
      "Mean of the upper triangular elements: 3.0058825176249915\n",
      "Standard deviation of the upper triangular elements (minus 1): 1.1996215589371406\n"
     ]
    }
   ],
   "source": [
    "min = 0.95\n",
    "max = 0.99\n",
    "n = 6\n",
    "interdiction_probabilities = generate_intr_matrix(n, min, max)\n",
    "mean_upper = mean_upper_triangular(interdiction_probabilities)\n",
    "print(f\"Mean of the upper triangular elements: {mean_upper}\")\n",
    "std_upper = (std_upper_triangular_minus_one(interdiction_probabilities))*100\n",
    "print(f\"Standard deviation of the upper triangular elements (minus 1): {std_upper}\")"
   ]
  },
  {
   "cell_type": "code",
   "execution_count": 861,
   "metadata": {},
   "outputs": [
    {
     "data": {
      "text/plain": [
       "[[1.0,\n",
       "  0.9624508263419276,\n",
       "  0.9523001754043585,\n",
       "  0.9731945909906126,\n",
       "  0.9752109056945886,\n",
       "  0.9886851485390823],\n",
       " [0.9624508263419276,\n",
       "  1.0,\n",
       "  0.9520584562863893,\n",
       "  0.980457899156077,\n",
       "  0.9831692676945206,\n",
       "  0.9766215961464049],\n",
       " [0.9523001754043585,\n",
       "  0.9520584562863893,\n",
       "  1.0,\n",
       "  0.9752879793442514,\n",
       "  0.9560690073773367,\n",
       "  0.9588435978331494],\n",
       " [0.9731945909906126,\n",
       "  0.980457899156077,\n",
       "  0.9752879793442514,\n",
       "  1.0,\n",
       "  0.9832378028744378,\n",
       "  0.9558714222026689],\n",
       " [0.9752109056945886,\n",
       "  0.9831692676945206,\n",
       "  0.9560690073773367,\n",
       "  0.9832378028744378,\n",
       "  1.0,\n",
       "  0.9756589464704432],\n",
       " [0.9886851485390823,\n",
       "  0.9766215961464049,\n",
       "  0.9588435978331494,\n",
       "  0.9558714222026689,\n",
       "  0.9756589464704432,\n",
       "  1.0]]"
      ]
     },
     "execution_count": 861,
     "metadata": {},
     "output_type": "execute_result"
    }
   ],
   "source": [
    "interdiction_probabilities"
   ]
  },
  {
   "cell_type": "markdown",
   "metadata": {},
   "source": [
    "Non interdiction = 90%-99%"
   ]
  },
  {
   "cell_type": "code",
   "execution_count": 897,
   "metadata": {},
   "outputs": [
    {
     "name": "stdout",
     "output_type": "stream",
     "text": [
      "Mean of the upper triangular elements: 5.489677890942368\n",
      "Standard deviation of the upper triangular elements (minus 1): 2.7208342134576666\n"
     ]
    }
   ],
   "source": [
    "min = 0.9\n",
    "max = 0.99\n",
    "n = 6\n",
    "interdiction_probabilities = generate_intr_matrix(n, min, max)\n",
    "mean_upper = mean_upper_triangular(interdiction_probabilities)\n",
    "print(f\"Mean of the upper triangular elements: {mean_upper}\")\n",
    "std_upper = (std_upper_triangular_minus_one(interdiction_probabilities))*100\n",
    "print(f\"Standard deviation of the upper triangular elements (minus 1): {std_upper}\")"
   ]
  },
  {
   "cell_type": "code",
   "execution_count": 898,
   "metadata": {},
   "outputs": [
    {
     "data": {
      "text/plain": [
       "[[1.0,\n",
       "  0.9371955124077594,\n",
       "  0.9774718623278653,\n",
       "  0.9794116475059227,\n",
       "  0.9261893256732141,\n",
       "  0.9609424262992672],\n",
       " [0.9371955124077594,\n",
       "  1.0,\n",
       "  0.9600204563098708,\n",
       "  0.9857283701167593,\n",
       "  0.9526592877147881,\n",
       "  0.9136239498224917],\n",
       " [0.9774718623278653,\n",
       "  0.9600204563098708,\n",
       "  1.0,\n",
       "  0.9032401605435685,\n",
       "  0.9185581738951097,\n",
       "  0.939476132018163],\n",
       " [0.9794116475059227,\n",
       "  0.9857283701167593,\n",
       "  0.9032401605435685,\n",
       "  1.0,\n",
       "  0.9358151986752171,\n",
       "  0.979880509949365],\n",
       " [0.9261893256732141,\n",
       "  0.9526592877147881,\n",
       "  0.9185581738951097,\n",
       "  0.9358151986752171,\n",
       "  1.0,\n",
       "  0.9063353030992826],\n",
       " [0.9609424262992672,\n",
       "  0.9136239498224917,\n",
       "  0.939476132018163,\n",
       "  0.979880509949365,\n",
       "  0.9063353030992826,\n",
       "  1.0]]"
      ]
     },
     "execution_count": 898,
     "metadata": {},
     "output_type": "execute_result"
    }
   ],
   "source": [
    "interdiction_probabilities"
   ]
  },
  {
   "cell_type": "markdown",
   "metadata": {},
   "source": [
    "Non interdiction = 80%-99%"
   ]
  },
  {
   "cell_type": "code",
   "execution_count": 1033,
   "metadata": {},
   "outputs": [
    {
     "name": "stdout",
     "output_type": "stream",
     "text": [
      "Mean of the upper triangular elements: 10.51885812932718\n",
      "Standard deviation of the upper triangular elements (minus 1): 5.592973384233007\n"
     ]
    }
   ],
   "source": [
    "min = 0.8\n",
    "max = 0.99\n",
    "n = 6\n",
    "interdiction_probabilities = generate_intr_matrix(n, min, max)\n",
    "mean_upper = mean_upper_triangular(interdiction_probabilities)\n",
    "print(f\"Mean of the upper triangular elements: {mean_upper}\")\n",
    "std_upper = (std_upper_triangular_minus_one(interdiction_probabilities))*100\n",
    "print(f\"Standard deviation of the upper triangular elements (minus 1): {std_upper}\")"
   ]
  },
  {
   "cell_type": "code",
   "execution_count": 1034,
   "metadata": {},
   "outputs": [
    {
     "data": {
      "text/plain": [
       "[[1.0,\n",
       "  0.8146488687348827,\n",
       "  0.9273307300878149,\n",
       "  0.9322110035514637,\n",
       "  0.806626944931928,\n",
       "  0.8817678168128325],\n",
       " [0.8146488687348827,\n",
       "  1.0,\n",
       "  0.8753748334953465,\n",
       "  0.9108722382014303,\n",
       "  0.9086284842095167,\n",
       "  0.9366642583496778],\n",
       " [0.9273307300878149,\n",
       "  0.8753748334953465,\n",
       "  1.0,\n",
       "  0.811402155663419,\n",
       "  0.9844876967673587,\n",
       "  0.9222384894077759],\n",
       " [0.9322110035514637,\n",
       "  0.9108722382014303,\n",
       "  0.811402155663419,\n",
       "  1.0,\n",
       "  0.9844939836558344,\n",
       "  0.8339029283688986],\n",
       " [0.806626944931928,\n",
       "  0.9086284842095167,\n",
       "  0.9844876967673587,\n",
       "  0.9844939836558344,\n",
       "  1.0,\n",
       "  0.8915208483627438],\n",
       " [0.8817678168128325,\n",
       "  0.9366642583496778,\n",
       "  0.9222384894077759,\n",
       "  0.8339029283688986,\n",
       "  0.8915208483627438,\n",
       "  1.0]]"
      ]
     },
     "execution_count": 1034,
     "metadata": {},
     "output_type": "execute_result"
    }
   ],
   "source": [
    "interdiction_probabilities"
   ]
  },
  {
   "cell_type": "markdown",
   "metadata": {},
   "source": [
    "Non interdiction = 70%-99%"
   ]
  },
  {
   "cell_type": "code",
   "execution_count": 1067,
   "metadata": {},
   "outputs": [
    {
     "name": "stdout",
     "output_type": "stream",
     "text": [
      "Mean of the upper triangular elements: 15.61167454166611\n",
      "Standard deviation of the upper triangular elements (minus 1): 9.077288637675766\n"
     ]
    }
   ],
   "source": [
    "min = 0.7\n",
    "max = 0.99\n",
    "n = 6\n",
    "interdiction_probabilities = generate_intr_matrix(n, min, max)\n",
    "mean_upper = mean_upper_triangular(interdiction_probabilities)\n",
    "print(f\"Mean of the upper triangular elements: {mean_upper}\")\n",
    "std_upper = (std_upper_triangular_minus_one(interdiction_probabilities))*100\n",
    "print(f\"Standard deviation of the upper triangular elements (minus 1): {std_upper}\")"
   ]
  },
  {
   "cell_type": "code",
   "execution_count": 1068,
   "metadata": {},
   "outputs": [
    {
     "data": {
      "text/plain": [
       "[[1.0,\n",
       "  0.8732678638225274,\n",
       "  0.9436578683635869,\n",
       "  0.9032147563333957,\n",
       "  0.8626387292172231,\n",
       "  0.7672993060066077],\n",
       " [0.8732678638225274,\n",
       "  1.0,\n",
       "  0.8441515794281756,\n",
       "  0.8856096247708103,\n",
       "  0.7425178017116123,\n",
       "  0.9857136620824436],\n",
       " [0.9436578683635869,\n",
       "  0.8441515794281756,\n",
       "  1.0,\n",
       "  0.7089937744928669,\n",
       "  0.9531269665026114,\n",
       "  0.7087040352361887],\n",
       " [0.9032147563333957,\n",
       "  0.8856096247708103,\n",
       "  0.7089937744928669,\n",
       "  1.0,\n",
       "  0.8860304991448086,\n",
       "  0.8868532643116935],\n",
       " [0.8626387292172231,\n",
       "  0.7425178017116123,\n",
       "  0.9531269665026114,\n",
       "  0.8860304991448086,\n",
       "  1.0,\n",
       "  0.7064690873255316],\n",
       " [0.7672993060066077,\n",
       "  0.9857136620824436,\n",
       "  0.7087040352361887,\n",
       "  0.8868532643116935,\n",
       "  0.7064690873255316,\n",
       "  1.0]]"
      ]
     },
     "execution_count": 1068,
     "metadata": {},
     "output_type": "execute_result"
    }
   ],
   "source": [
    "interdiction_probabilities"
   ]
  },
  {
   "cell_type": "markdown",
   "metadata": {},
   "source": [
    "Non interdiction = 60%-99%"
   ]
  },
  {
   "cell_type": "code",
   "execution_count": 1100,
   "metadata": {},
   "outputs": [
    {
     "name": "stdout",
     "output_type": "stream",
     "text": [
      "Mean of the upper triangular elements: 20.402821165675732\n",
      "Standard deviation of the upper triangular elements (minus 1): 11.810541057291735\n"
     ]
    }
   ],
   "source": [
    "min = 0.6\n",
    "max = 0.99\n",
    "n = 6\n",
    "interdiction_probabilities = generate_intr_matrix(n, min, max)\n",
    "mean_upper = mean_upper_triangular(interdiction_probabilities)\n",
    "print(f\"Mean of the upper triangular elements: {mean_upper}\")\n",
    "std_upper = (std_upper_triangular_minus_one(interdiction_probabilities))*100\n",
    "print(f\"Standard deviation of the upper triangular elements (minus 1): {std_upper}\")"
   ]
  },
  {
   "cell_type": "code",
   "execution_count": 1101,
   "metadata": {},
   "outputs": [
    {
     "data": {
      "text/plain": [
       "[[1.0,\n",
       "  0.9547046579801292,\n",
       "  0.6974028186610187,\n",
       "  0.6913078209235172,\n",
       "  0.6221710208452816,\n",
       "  0.8777911541841954],\n",
       " [0.9547046579801292,\n",
       "  1.0,\n",
       "  0.8548165180669529,\n",
       "  0.7412608135765735,\n",
       "  0.869296604490299,\n",
       "  0.8254287284225077],\n",
       " [0.6974028186610187,\n",
       "  0.8548165180669529,\n",
       "  1.0,\n",
       "  0.6166630767841685,\n",
       "  0.6209635753347276,\n",
       "  0.8900128147681134],\n",
       " [0.6913078209235172,\n",
       "  0.7412608135765735,\n",
       "  0.6166630767841685,\n",
       "  1.0,\n",
       "  0.9851676380566659,\n",
       "  0.8209730833710791],\n",
       " [0.6221710208452816,\n",
       "  0.869296604490299,\n",
       "  0.6209635753347276,\n",
       "  0.9851676380566659,\n",
       "  1.0,\n",
       "  0.87161649968341],\n",
       " [0.8777911541841954,\n",
       "  0.8254287284225077,\n",
       "  0.8900128147681134,\n",
       "  0.8209730833710791,\n",
       "  0.87161649968341,\n",
       "  1.0]]"
      ]
     },
     "execution_count": 1101,
     "metadata": {},
     "output_type": "execute_result"
    }
   ],
   "source": [
    "interdiction_probabilities"
   ]
  },
  {
   "cell_type": "markdown",
   "metadata": {},
   "source": [
    "#### 6 CUSTOMERS + DEPOT"
   ]
  },
  {
   "cell_type": "markdown",
   "metadata": {},
   "source": [
    "Non interdiction = 95%-99%"
   ]
  },
  {
   "cell_type": "code",
   "execution_count": 1117,
   "metadata": {},
   "outputs": [
    {
     "name": "stdout",
     "output_type": "stream",
     "text": [
      "Mean of the upper triangular elements: 3.0883384604148967\n",
      "Standard deviation of the upper triangular elements (minus 1): 1.1678784199468648\n"
     ]
    }
   ],
   "source": [
    "min = 0.95\n",
    "max = 0.99\n",
    "n = 7\n",
    "interdiction_probabilities = generate_intr_matrix(n, min, max)\n",
    "mean_upper = mean_upper_triangular(interdiction_probabilities)\n",
    "print(f\"Mean of the upper triangular elements: {mean_upper}\")\n",
    "std_upper = (std_upper_triangular_minus_one(interdiction_probabilities))*100\n",
    "print(f\"Standard deviation of the upper triangular elements (minus 1): {std_upper}\")"
   ]
  },
  {
   "cell_type": "code",
   "execution_count": 1118,
   "metadata": {},
   "outputs": [
    {
     "data": {
      "text/plain": [
       "[[1.0,\n",
       "  0.9667553548689456,\n",
       "  0.9799814382724773,\n",
       "  0.9851122401819735,\n",
       "  0.9537144456878058,\n",
       "  0.9715897452682384,\n",
       "  0.9546427867993214],\n",
       " [0.9667553548689456,\n",
       "  1.0,\n",
       "  0.9583414676946043,\n",
       "  0.9849345216963825,\n",
       "  0.9518307181037127,\n",
       "  0.9808458307918193,\n",
       "  0.9684987164162265],\n",
       " [0.9799814382724773,\n",
       "  0.9583414676946043,\n",
       "  1.0,\n",
       "  0.9620659057370085,\n",
       "  0.9851386848474879,\n",
       "  0.9525052382940735,\n",
       "  0.9665070833132596],\n",
       " [0.9851122401819735,\n",
       "  0.9849345216963825,\n",
       "  0.9620659057370085,\n",
       "  1.0,\n",
       "  0.955151113001423,\n",
       "  0.9837314433891524,\n",
       "  0.9675801845613264],\n",
       " [0.9537144456878058,\n",
       "  0.9518307181037127,\n",
       "  0.9851386848474879,\n",
       "  0.955151113001423,\n",
       "  1.0,\n",
       "  0.9653838212583088,\n",
       "  0.9743204162247456],\n",
       " [0.9715897452682384,\n",
       "  0.9808458307918193,\n",
       "  0.9525052382940735,\n",
       "  0.9837314433891524,\n",
       "  0.9653838212583088,\n",
       "  1.0,\n",
       "  0.9828177669045747],\n",
       " [0.9546427867993214,\n",
       "  0.9684987164162265,\n",
       "  0.9665070833132596,\n",
       "  0.9675801845613264,\n",
       "  0.9743204162247456,\n",
       "  0.9828177669045747,\n",
       "  1.0]]"
      ]
     },
     "execution_count": 1118,
     "metadata": {},
     "output_type": "execute_result"
    }
   ],
   "source": [
    "interdiction_probabilities"
   ]
  },
  {
   "cell_type": "markdown",
   "metadata": {},
   "source": [
    "Non interdiction = 90%-99%"
   ]
  },
  {
   "cell_type": "code",
   "execution_count": 1141,
   "metadata": {},
   "outputs": [
    {
     "name": "stdout",
     "output_type": "stream",
     "text": [
      "Mean of the upper triangular elements: 5.608950969212312\n",
      "Standard deviation of the upper triangular elements (minus 1): 2.7194595192666853\n"
     ]
    }
   ],
   "source": [
    "min = 0.9\n",
    "max = 0.99\n",
    "n = 7\n",
    "interdiction_probabilities = generate_intr_matrix(n, min, max)\n",
    "mean_upper = mean_upper_triangular(interdiction_probabilities)\n",
    "print(f\"Mean of the upper triangular elements: {mean_upper}\")\n",
    "std_upper = (std_upper_triangular_minus_one(interdiction_probabilities))*100\n",
    "print(f\"Standard deviation of the upper triangular elements (minus 1): {std_upper}\")"
   ]
  },
  {
   "cell_type": "code",
   "execution_count": 1142,
   "metadata": {},
   "outputs": [
    {
     "data": {
      "text/plain": [
       "[[1.0,\n",
       "  0.9586622174873944,\n",
       "  0.9036063173610683,\n",
       "  0.9832040990167482,\n",
       "  0.9076118802278522,\n",
       "  0.9394986349868428,\n",
       "  0.926734549983961],\n",
       " [0.9586622174873944,\n",
       "  1.0,\n",
       "  0.9692412413165818,\n",
       "  0.9844024972559998,\n",
       "  0.9306483086619486,\n",
       "  0.923515580417536,\n",
       "  0.948950846106156],\n",
       " [0.9036063173610683,\n",
       "  0.9692412413165818,\n",
       "  1.0,\n",
       "  0.9631104702275359,\n",
       "  0.9219494612787523,\n",
       "  0.9860629148689243,\n",
       "  0.9046775821583093],\n",
       " [0.9832040990167482,\n",
       "  0.9844024972559998,\n",
       "  0.9631104702275359,\n",
       "  1.0,\n",
       "  0.9183008612950844,\n",
       "  0.9606346614818988,\n",
       "  0.9060878041801781],\n",
       " [0.9076118802278522,\n",
       "  0.9306483086619486,\n",
       "  0.9219494612787523,\n",
       "  0.9183008612950844,\n",
       "  1.0,\n",
       "  0.9662425058707746,\n",
       "  0.9664425079392789],\n",
       " [0.9394986349868428,\n",
       "  0.923515580417536,\n",
       "  0.9860629148689243,\n",
       "  0.9606346614818988,\n",
       "  0.9662425058707746,\n",
       "  1.0,\n",
       "  0.9525353543425883],\n",
       " [0.926734549983961,\n",
       "  0.948950846106156,\n",
       "  0.9046775821583093,\n",
       "  0.9060878041801781,\n",
       "  0.9664425079392789,\n",
       "  0.9525353543425883,\n",
       "  1.0]]"
      ]
     },
     "execution_count": 1142,
     "metadata": {},
     "output_type": "execute_result"
    }
   ],
   "source": [
    "interdiction_probabilities"
   ]
  },
  {
   "cell_type": "markdown",
   "metadata": {},
   "source": [
